 exp.predsmv. exp.predsUppermv. exp.predsLowermv.
1    0.02925690        0.03437360        0.02490184
2    0.03181410        0.03646543        0.02775607
3    0.03526236        0.04041522        0.03076649
4    0.03515061        0.04062120        0.03041677
5    0.03080364        0.03614961        0.02624825
6    0.02997545        0.03515452        0.02555937
7    0.03110887        0.03671838        0.02635632
8    0.03201328        0.03666493        0.02795178
9    0.03366551        0.03886439        0.02916209
10   0.03521253        0.04030760        0.03076150
11   0.03348762        0.03923511        0.02858208
12   0.03345200        0.03919103        0.02855337